0                         0.05871762729967752      0.05871762729973604      NaN                      NaN
0                         0                        0                        NaN                      NaN
0.038063798769681675      0.039772922569367715     0.03977292256940739      NaN                      NaN
0.05871762729967949       0                        0                        NaN                      NaN
0                         0.11743525459935504      0.11743525459947111      NaN                      NaN
0.04358382273482858       0.08845273888470367      0.08845273888479145      NaN                      NaN
0.1174352545993568        0                        0                        NaN                      NaN
0.08801754381390034       0.05169424666245736      0.05169424666250887      NaN                      NaN
0                         0.17615288189903258      0.17615288189920472      NaN                      NaN
0.045767368867244         0.146376625663722        0.14637662566386592      NaN                      NaN
0.17615288189903414       0                        0                        NaN                      NaN
0.14890969741287446       0.047219092726154        0.047219092726201145     NaN                      NaN
0.23487050919871144       0                        0                        NaN                      NaN
0.206819125757731         0.04775898112249347      0.0477589811225412       NaN                      NaN
0                         0.2348705091987101       0.23487050919893618      NaN                      NaN
0.04719273284054237       0.20455155021315663      0.20455155021335525      NaN                      NaN
0.2935881364983888        0                        0                        NaN                      NaN
0.26469209166591195       0.04803026408764341      0.048030264087691434     NaN                      NaN
0                         0.29358813649838766      0.29358813649866405      NaN                      NaN
0.04722446683918903       0.2632268246806645       0.26322682468091546      NaN                      NaN
0.35230576379806605       0                        0                        NaN                      NaN
0.32298136680739886       0.047863195108345635     0.047863195108393534     NaN                      NaN
0                         0.3523057637980652       0.35230576379838935      NaN                      NaN
0.047595001065867185      0.321785287605027        0.3217852876053268       NaN                      NaN
0.4110233910977434        0                        0                        NaN                      NaN
0.38156229608058934       0.04743137376134646      0.047431373761393954     NaN                      NaN
0.4697410183974207        0                        0                        NaN                      NaN
0.4401474730207536        0.04651644362562944      0.046516443625676106     NaN                      NaN
0                         0.4110233910977428       0.41102339109811026      NaN                      NaN
0.04760912202727867       0.3803161388523524       0.3803161388526979       NaN                      NaN
0                         0.46974101839742033      0.4697410183978265       NaN                      NaN
0.0472792190791867        0.4384343456633849       0.43843434566377065      NaN                      NaN
0.528458645697098         0                        0                        NaN                      NaN
0.49838263092047774       0.046046727027615725     0.046046727027661986     NaN                      NaN
0.5871762729967753        0                        0                        NaN                      NaN
0.5562943714832185        0.04445037615573666      0.0444503761557814       NaN                      NaN
0                         0.5284586456970979       0.5284586456975373       NaN                      NaN
0.0456836416889546        0.49557600662133217      0.49557600662175344      NaN                      NaN
0                         0.5871762729967754       0.5871762729972411       NaN                      NaN
0.044159552051587066      0.5509263727617957       0.5509263727622454       NaN                      NaN
0.6458740322174792        0                        0                        NaN                      NaN
0.6127033217894129        0.03825655734918451      0.038256557349223126     NaN                      NaN
0.7                       0                        0                        NaN                      NaN
0.6616365408218847        0.03537577214514128      0.035375772145177106     NaN                      NaN
0                         0.6458740322174794       0.6458740322179659       NaN                      NaN
0.04993227589007725       0.6157569811273981       0.6157569811278741       NaN                      NaN
0                         0.7                      0.700000000000495        NaN                      NaN
0.03765911154150678       0.6645326177380014       0.6645326177384925       NaN                      NaN
0.7000000000000001        0.05412596778252057      0.054125967782575536     NaN                      NaN
0.054125967782520726      0.7000000000000001       0.700000000000495        NaN                      NaN
0.7000000000000001        0.11282372700322543      0.11282372700333847      NaN                      NaN
0.6494788591068423        0.08454565939707065      0.08454565939715576      NaN                      NaN
0.11282372700322467       0.7000000000000001       0.7000000000004917       NaN                      NaN
0.08423731403493592       0.6610320753451293       0.6610320753456169       NaN                      NaN
0.7000000000000002        0.1715413543029029       0.17154135430307235      NaN                      NaN
0.652965104616475         0.1460470923343543       0.14604709233449972      NaN                      NaN
0.1715413543029022        0.7000000000000001       0.7000000000004839       NaN                      NaN
0.14005165101981076       0.6527105702361764       0.6527105702366579       NaN                      NaN
0.7000000000000001        0.23025898160258038      0.23025898160280503      NaN                      NaN
0.652445703729029         0.20267358710947786      0.2026735871096772       NaN                      NaN
0.23025898160257974       0.7000000000000001       0.7000000000004775       NaN                      NaN
0.19957493639222745       0.6517923831254209       0.6517923831258957       NaN                      NaN
0.7000000000000001        0.28897660890225785      0.2889766089025347       NaN                      NaN
0.6518922242162525        0.26049448908913736      0.26049448908938905      NaN                      NaN
0.2889766089022573        0.7000000000000001       0.7000000000004739       NaN                      NaN
0.2586710344967791        0.6520650186969824       0.6520650186974547       NaN                      NaN
0.7000000000000001        0.3476942362019353       0.34769423620226036      NaN                      NaN
0.6517051382273076        0.31861976535421155      0.31861976535451314      NaN                      NaN
0.7000000000000001        0.4064118635016128       0.40641186350198133      NaN                      NaN
0.652015395004455         0.37711053446796167      0.3771105344683087       NaN                      NaN
0.34769423620193485       0.7000000000000001       0.7000000000004768       NaN                      NaN
0.31738541072106735       0.6518863701454005       0.6518863701458714       NaN                      NaN
0.4064118635016124        0.7000000000000001       0.7000000000004819       NaN                      NaN
0.376009781467242         0.6516056454698697       0.6516056454703446       NaN                      NaN
0.7000000000000001        0.46512949080129024      0.465129490801699        NaN                      NaN
0.6522873329003137        0.4355812359861692       0.4355812359865579       NaN                      NaN
0.46512949080128996       0.7000000000000001       0.7000000000004869       NaN                      NaN
0.4342242473777123        0.6514056676945031       0.651405667694981        NaN                      NaN
0.7000000000000001        0.5238471181009677       0.52384711810141         NaN                      NaN
0.6524595081446477        0.49415551902718097      0.4941555190276063       NaN                      NaN
0.5238471181009675        0.7000000000000001       0.700000000000491        NaN                      NaN
0.4918534016773643        0.6515062221767485       0.6515062221772309       NaN                      NaN
0.7000000000000001        0.5825647454006452       0.5825647454011194       NaN                      NaN
0.6536898154791261        0.5526966443700637       0.5526966443705214       NaN                      NaN
0.5825647454006451        0.7000000000000001       0.7000000000004901       NaN                      NaN
0.5485996486415344        0.6515646603864385       0.6515646603869237       NaN                      NaN
0.7000000000000001        0.6412823727003226       0.6412823727008187       NaN                      NaN
0.6556172236466717        0.610731123701902        0.610731123702385        NaN                      NaN
0.6412823727003226        0.7000000000000001       0.700000000000497        NaN                      NaN
0.6094998870345523        0.6467582985867307       0.6467582985872177       NaN                      NaN
0.7                       0.7                      0.7000000000005008       NaN                      NaN
0.6614106058720444        0.6595172841976618       0.6595172841981579       NaN                      NaN
0.08965421124786545       0.11671972764935028      0.11671972764946568      NaN                      NaN
0.13138691612083775       0.09037026982602409      0.09037026982611392      NaN                      NaN
0.0941732856216605        0.1749473096613621       0.17494730966153327      NaN                      NaN
0.17997873319018495       0.09515485061992295      0.09515485062001751      NaN                      NaN
0.1469097763011513        0.14467838434237548      0.1446783843425181       NaN                      NaN
0.2363513136151149        0.09651778522875618      0.09651778522885224      NaN                      NaN
0.09427943713828535       0.2335373129381762       0.23353731293840133      NaN                      NaN
0.14123617416242207       0.20382023619654766      0.20382023619674627      NaN                      NaN
0.20838001762460787       0.1455136116918314       0.1455136116919751       NaN                      NaN
0.1835590961404803        0.18622268475158976      0.18622268475177225      NaN                      NaN
0.2935365047047831        0.09600986764896416      0.09600986764905982      NaN                      NaN
0.2642850962768583        0.14712641580596572      0.14712641580611116      NaN                      NaN
0.14106890116540763       0.2617419841884815       0.2617419841887318       NaN                      NaN
0.09452083826381603       0.2917972690792649       0.2917972690795403       NaN                      NaN
0.3520860630983045        0.09544104202209569      0.09544104202219085      NaN                      NaN
0.18642688031978713       0.23645570093079826      0.23645570093102664      NaN                      NaN
0.23468783079750816       0.2004915971466468       0.20049159714684267      NaN                      NaN
0.32251256976043263       0.14398828724324791      0.14398828724339033      NaN                      NaN
0.29514386874249177       0.1925508715372719       0.19255087153746042      NaN                      NaN
0.18873597332397163       0.29150499785721246      0.2915049978574884       NaN                      NaN
0.1419799919510477        0.32037880295957266      0.320378802959872        NaN                      NaN
0.09497723142309929       0.3501134021036673       0.3501134021039897       NaN                      NaN
0.4104458759803362        0.09397978545482483      0.09397978545491868      NaN                      NaN
0.3811583316948568        0.1422163080680713       0.1422163080682123       NaN                      NaN
0.468960572266916         0.09226266291758514      0.09226266291767739      NaN                      NaN
0.23589789948936715       0.2627287473833339       0.2627287473835857       NaN                      NaN
0.27721179694737885       0.23684379380878656      0.23684379380901568      NaN                      NaN
0.35293786997401017       0.19111022542022305      0.19111022542041012      NaN                      NaN
0.3274356988520369        0.24009223266472982      0.24009223266496213      NaN                      NaN
0.23789736506915612       0.32065610628755964      0.3206561062878596       NaN                      NaN
0.19000810003193394       0.34891485467530403      0.34891485467562605      NaN                      NaN
0.14255990647951636       0.37819895222207994      0.3781989522224241       NaN                      NaN
0.09537614499908269       0.40825936934174606      0.4082593693421113       NaN                      NaN
0.09423493517222499       0.465018084352849        0.46501808435325126      NaN                      NaN
0.4387582337851121        0.1400043067088131       0.14000430670895203      NaN                      NaN
0.41018898795875763       0.18870461111168893      0.18870461111187412      NaN                      NaN
0.49539140537290277       0.13702715838375787      0.13702715838389432      NaN                      NaN
0.5263479782440517        0.09154616514155633      0.09154616514164803      NaN                      NaN
0.5834123116233797        0.08606035164230973      0.08606035164239619      NaN                      NaN
0.29042755047840096       0.29042028826899974      0.2904202882692753       NaN                      NaN
0.38247303726842913       0.23831667333703224      0.23831667333726284      NaN                      NaN
0.3528398879312603        0.2854541024214999       0.2854541024217719       NaN                      NaN
0.2831510903764425        0.353000248121931        0.35300024812225694      NaN                      NaN
0.2391635747900918        0.3773675033271759       0.3773675033275196       NaN                      NaN
0.18955841009462096       0.4055130613975223       0.40551306139788595      NaN                      NaN
0.14345956037731358       0.43601422285466745      0.43601422285505115      NaN                      NaN
0.23464107496339726       0.42435038076174714      0.4243503807621238       NaN                      NaN
0.0932735502021905        0.5210000152243306       0.5210000152247645       NaN                      NaN
0.1402897019311211        0.4910924987230641       0.491092498723481        NaN                      NaN
0.09003997511393065       0.5684007881557682       0.5684007881562243       NaN                      NaN
0.4391507875224796        0.23461857446084808      0.23461857446107579      NaN                      NaN
0.4664038484476556        0.18583421837938255      0.1858342183795656       NaN                      NaN
0.5141885757129974        0.18105626065468808      0.18105626065486688      NaN                      NaN
0.5556465777974148        0.1434297147223329       0.14342971472247565      NaN                      NaN
0.6096062289711454        0.12737141286828757      0.12737141286841483      NaN                      NaN
0.33192080953821473       0.33331512648291156      0.33331512648322276      NaN                      NaN
0.41229324505949144       0.28995149232240636      0.2899514923226824       NaN                      NaN
0.46439204092432446       0.2751508693926811       0.27515086939294486      NaN                      NaN
0.3733292494718997        0.32781419681352764      0.3278141968138347       NaN                      NaN
0.32517535832824146       0.3750329565452458       0.375032956545589        NaN                      NaN
0.2890189314706747        0.4111313780108131       0.41113137801118127      NaN                      NaN
0.1978353562912217        0.4674997967730712       0.46749979677347436      NaN                      NaN
0.25916692002228514       0.4642859832705661       0.4642859832709672       NaN                      NaN
0.1827182125929006        0.5169296007247794       0.5169296007252093       NaN                      NaN
0.14197833254236075       0.5546699502205295       0.5546699502209775       NaN                      NaN
0.11271389944904009       0.6097744360744645       0.609774436074935        NaN                      NaN
0.5007451003336844        0.2335943989564993       0.23359439895672643      NaN                      NaN
0.555650425281101         0.2048441344144035       0.20484413441460456      NaN                      NaN
0.6050496819798549        0.1761545925478637       0.17615459254803792      NaN                      NaN
0.5072753605406323        0.2935890531694317       0.2935890531697114       NaN                      NaN
0.46107277641546757       0.322718023594822        0.3227180235951255       NaN                      NaN
0.3666017206430434        0.3681689667262654       0.36816896672660376      NaN                      NaN
0.41368490478158265       0.349015286244397        0.34901528624472083      NaN                      NaN
0.34625503955982667       0.41389494032529356      0.41389494032566415      NaN                      NaN
0.31680643857929247       0.4609812583760637       0.4609812583764632       NaN                      NaN
0.23143303874899127       0.512523599073858        0.5125235990742852       NaN                      NaN
0.28794647049979544       0.5098228140272975       0.5098228140277231       NaN                      NaN
0.20205463345080818       0.5588621588333748       0.5588621588338231       NaN                      NaN
0.17006300368572064       0.6043607269020712       0.6043607269025366       NaN                      NaN
0.554288548538816         0.2622682102003206       0.2622682102005735       NaN                      NaN
0.6039840673238384        0.23256162940471647      0.2325616294049432       NaN                      NaN
0.5554857992906036        0.32005083526764877      0.32005083526795075      NaN                      NaN
0.508318288829771         0.34973075206404675      0.3497307520643718       NaN                      NaN
0.4604728183570033        0.3788706883759691       0.37887068837631555      NaN                      NaN
0.40715957625784616       0.40888259746170175      0.40888259746206923      NaN                      NaN
0.37276821207986155       0.4591724848316717       0.4591724848320707       NaN                      NaN
0.34544416785585885       0.5075777553306483       0.5075777553310733       NaN                      NaN
0.25889676276081636       0.557709027905654        0.5577090279061007       NaN                      NaN
0.3166096729452519        0.5562282094119065       0.5562282094123526       NaN                      NaN
0.22894416505285337       0.6045872170158082       0.6045872170162708       NaN                      NaN
0.6034204886276846        0.2902130949490211       0.29021309494929864      NaN                      NaN
0.603754345182065         0.3481529815609198       0.3481529815612443       NaN                      NaN
0.5562652176625816        0.3772899611854913       0.37728996118583763      NaN                      NaN
0.5092672868310342        0.40641553824279386      0.4064155382431605       NaN                      NaN
0.4633340305105009        0.43646214085530766      0.43646214085569407      NaN                      NaN
0.4219353800451522        0.4633076509475889       0.4633076509479908       NaN                      NaN
0.4040083194330839        0.5066193012571193       0.5066193012575444       NaN                      NaN
0.37485272515484686       0.5548069918694195       0.5548069918698656       NaN                      NaN
0.2869419456566821        0.6040831765453707       0.6040831765458324       NaN                      NaN
0.34600665447081286       0.6035571500601908       0.6035571500606532       NaN                      NaN
0.6043889275906162        0.4062395054682025       0.4062395054685703       NaN                      NaN
0.5571304843094155        0.4348705808255991       0.43487058082598645      NaN                      NaN
0.5098554365404936        0.4621395509215538       0.4621395509219573       NaN                      NaN
0.4620950154207005        0.49806455610355016      0.4980645561039724       NaN                      NaN
0.4327155505704436        0.5524305375227387       0.5524305375231854       NaN                      NaN
0.40424039087978686       0.6027325069191779       0.6027325069196415       NaN                      NaN
0.6048903360603315        0.46446759127522586      0.4644675912756326       NaN                      NaN
0.5581157011714358        0.49267133786032724      0.4926713378607495       NaN                      NaN
0.5136768920588138        0.5112201978207089       0.5112201978211397       NaN                      NaN
0.4889117624175011        0.5538803041397964       0.5538803041402462       NaN                      NaN
0.4616211831069678        0.6025818187983566       0.6025818187988229       NaN                      NaN
0.6049590865191875        0.5233140375246178       0.5233140375250579       NaN                      NaN
0.551788440401199         0.5539311956472851       0.5539311956477379       NaN                      NaN
0.5177080092552757        0.6034911874573496       0.6034911874578196       NaN                      NaN
0.6091030334943077        0.5815673969559881       0.5815673969564559       NaN                      NaN
0.5658057400034038        0.6073225100290354       0.6073225100295095       NaN                      NaN
0.7000000000000001        0.05412596778252057      NaN                      -0.1894440926245654      0.05412596778257553
0.7                       0                        NaN                      0                        0
0.7349678030924615        0.03274632976094935      NaN                      -0.11461369640170407     0.027019950051869628
0.7500000000000002        0                        NaN                      0                        0
0.8000000000000002        0                        NaN                      0                        0
0.7761778420782588        0.037816417171882805     NaN                      -0.1323582327181653      0.023410370154564545
0                         0.7499999999999999       NaN                      -4.07117377552186        0.5249977600513097
0                         0.7                      NaN                      -4.114922626898973       0.700000000000495
0.03396895254265605       0.735379560931065        NaN                      -4.0797877277561         0.5761696240100933
0.054125967782520726      0.7000000000000001       NaN                      -4.107597076987928       0.700000000000495
0                         0.7999999999999998       NaN                      -4.039926546622139       0.3499968323084373
0.03843077785801284       0.776126062675238        NaN                      -4.049594407731028       0.4335552792762974
0.7000000000000001        0.11282372700322543      NaN                      -0.3948926521318022      0.11282372700333844
0.748936660378505         0.08393815777856478      NaN                      -0.2937877404827552      0.06339539637306178
0.8500000000000001        0                        NaN                      0                        0
0.823610952064097         0.03800397464760758      NaN                      -0.13301314044191379     0.014513241432415893
0.9                       0                        NaN                      0                        0
0.8644350505994411        0.0339765141544458       NaN                      -0.11891620318201382     0.006040762706278777
0.11282372700322467       0.7000000000000001       NaN                      -4.083091691026674       0.7000000000004915
0.0860069477039782        0.7480870637697017       NaN                      -4.054121532583839       0.5316907994009784
0                         0.8499999999999998       NaN                      -4.021179318109337       0.17499776065659453
0.038090840588994444      0.823446982233027        NaN                      -4.025951852180878       0.26793206196348424
0                         0.9                      NaN                      -4.014930466909559       0
0.03434894260164313       0.8643398487176663       NaN                      -4.015159857331737       0.12480859855859569
0.7000000000000002        0.1715413543029029       NaN                      -0.6004195112052496      0.17154135430307235
0.749170457884676         0.14423677403206123      NaN                      -0.5048401872918413      0.10876343618755835
0.9                       0.05477554589152341      NaN                      -0.19171115836037103     0
0.1715413543029022        0.7000000000000001       NaN                      -4.041331286700529       0.7000000000004839
0.1443370337581584        0.7496817773470307       NaN                      -4.019318919430753       0.5261028948836141
0.05477554589152324       0.9                      NaN                      -4.007431099280864       0
0.7000000000000001        0.23025898160258038      NaN                      -0.8059690179555         0.230258981602805
0.7494661746659781        0.20254490939570066      NaN                      -0.7089360181868695      0.15241787086767175
0.9                       0.11511567428028756      NaN                      -0.4028948815999667      0
0.850715616456006         0.08473947755115557      NaN                      -0.2965839448804604      0.02087707780683451
0.23025898160257974       0.7000000000000001       NaN                      -3.9823054149045816      0.7000000000004772
0.20306316944155625       0.7499484855420153       NaN                      -3.968094774386215       0.5251530400975019
0.11511567428028616       0.9                      NaN                      -3.981809791844279       0
0.08324741313971708       0.8503732097485216       NaN                      -4.003763791658408       0.17368934191316046
0.7000000000000001        0.28897660890225785      NaN                      -1.0115757545095994      0.2889766089025347
0.7497416260745661        0.26126133797710666      NaN                      -0.9144870368011375      0.1962039589314012
0.9                       0.17549139164334235      NaN                      -0.6141935037920994      0
0.8500821354914371        0.14536965819079947      NaN                      -0.5087822516426536      0.036269940486467846
0.2889766089022573        0.7000000000000001       NaN                      -3.9059738325499525      0.7000000000004739
0.2625809243892496        0.7499407923410734       NaN                      -3.8987631090506         0.5251378632321114
0.17549139164334093       0.9                      NaN                      -3.9379644945222227      0
0.14547491163255727       0.8504057772450674       NaN                      -3.968181994164016       0.17356872218140554
0.7000000000000001        0.3476942362019353       NaN                      -1.217326761772895       0.34769423620226036
0.7498332545134213        0.31983358222045094      NaN                      -1.1195989460982372      0.23994163170590618
0.9                       0.23586710900639715      NaN                      -0.8254665560357762      0
0.8497800368478311        0.20489241065058014      NaN                      -0.7170938743089367      0.05141544787947822
0.34769423620193485       0.7000000000000001       NaN                      -3.812234857641352       0.7000000000004767
0.32309851240372794       0.7497128258831814       NaN                      -3.8101870742593715      0.5258262163495572
0.2358671090063957        0.9                      NaN                      -3.8759231542010224      0
0.205381795679445         0.8500810206908612       NaN                      -3.915737147266785       0.17468817645772225
0.7000000000000001        0.4064118635016128       NaN                      -1.4234408001171142      0.40641186350198133
0.7490457123016708        0.3770397289279652       NaN                      -1.3200902683642255      0.28409206105713136
0.9                       0.296242826369452        NaN                      -1.0366734119519847      0
0.8499029345501917        0.2646031021651621       NaN                      -0.9260350466935875      0.06619492211020928
0.7000000000000001        0.46512949080129024      NaN                      -1.6304709042839896      0.46512949080169896
0.7472335282360889        0.43100477958927885      NaN                      -1.509600785289549       0.3281078356565072
0.4064118635016124        0.7000000000000001       NaN                      -3.700830853592206       0.7000000000004819
0.46512949080128996       0.7000000000000001       NaN                      -3.5711094954937814      0.7000000000004868
0.44037653099165464       0.7427965724331445       NaN                      -3.5903228417824167      0.5492042062593993
0.38425796465442047       0.7488777094179726       NaN                      -3.7022943042451604      0.5284660810177494
0.2962428263694505        0.9000000000000001       NaN                      -3.795733122666799       0
0.2657921124105814        0.8499946021870541       NaN                      -3.844654605602823       0.17494590205537497
0.9                       0.3566185437325068       NaN                      -1.2477098229532515      0
0.8500118213461861        0.3246485575966112       NaN                      -1.136074742053429       0.0809269007053054
0.7000000000000001        0.5238471181009677       NaN                      -1.8398724271473437      0.52384711810141
0.7554950048216453        0.4884088350712548       NaN                      -1.7117558715467107      0.3497745205905606
0.5238471181009675        0.7000000000000001       NaN                      -3.4213579490910093      0.700000000000491
0.492948322387021         0.7394437576020247       NaN                      -3.4681676192611772      0.5597767280157271
0.35661854373250523       0.9000000000000001       NaN                      -3.6975166580792926      0
0.32731655208634614       0.8502525014400658       NaN                      -3.7535118421423523      0.17392525212718277
0.9                       0.4169942610955616       NaN                      -1.458310281598927       0
0.8491008879994528        0.3852440351175929       NaN                      -1.3478546381429035      0.09747653896419188
0.7000000000000001        0.5825647454006452       NaN                      -2.055579800087699       0.5825647454011194
0.7577009487916121        0.5490217962893514       NaN                      -1.9272977016179242      0.3821582529805993
0.5825647454006451        0.7000000000000001       NaN                      -3.2469146266117135      0.7000000000004901
0.5503645582381481        0.7392963793623349       NaN                      -3.313006070908274       0.5569745119581987
0.41699426109556          0.9                      NaN                      -3.581587366052009       0
0.3899580624173156        0.8514334645515573       NaN                      -3.6413056088645246      0.16948240875746226
0.9                       0.4773699784586164       NaN                      -1.667790033488833       0
0.8397272955431959        0.44755333526710916      NaN                      -1.5653181080163547      0.133175282020307
0.7000000000000001        0.6412823727003226       NaN                      -2.28961127660669        0.6412823727008187
0.7577311238423459        0.6088708270403772       NaN                      -2.145356571173936       0.41024228401031954
0.6412823727003226        0.7000000000000001       NaN                      -3.033394299874946       0.7000000000004968
0.607045705136648         0.7403261160131808       NaN                      -3.1349020805340877      0.5441492860338822
0.4773699784586148        0.9                      NaN                      -3.4487390885044165      0
0.4515274801605168        0.856890971971897        NaN                      -3.511721312570779       0.149693784669142
0.9                       0.5377456958216712       NaN                      -1.8744720391395175      0
0.8402755856496932        0.5121729043717763       NaN                      -1.7894692444491602      0.1483363852378183
0.7                       0.7                      NaN                      -2.6561198326843676      0.7000000000005008
0.755465328707178         0.6693205638600584       NaN                      -2.3747398139420874      0.4174557521488228
0.6607889197317005        0.7408354790098864       NaN                      -2.936279020301136       0.5154485404436926
0.5377456958216696        0.9000000000000001       NaN                      -3.3009531819860247      0
0.510949199289093         0.8582842573831475       NaN                      -3.371355219799469       0.1431134785667285
0.9                       0.598121413184726        NaN                      -2.0744237259875082      0
0.840835001783903         0.5736037794242662       NaN                      -1.9992191340355385      0.15800196729582364
0.5981214131847244        0.9000000000000001       NaN                      -3.1428538385983074      0
0.5703092883137475        0.8599083894771737       NaN                      -3.2179811977950377      0.13348675339470084
0.9                       0.6584971305477808       NaN                      -2.259676778809116       0
0.8408265356892642        0.6343007825393213       NaN                      -2.1980538511190697      0.159489731090015
0.6584971305477793        0.9000000000000001       NaN                      -2.9839587169595183      0
0.6305602391255187        0.8595478608330521       NaN                      -3.055336289060548       0.12538749766283855
0.9                       0.7188728479108356       NaN                      -2.417776225722005       0
0.8430075201388142        0.6974026689844546       NaN                      -2.3817574179939096      0.13774528952613282
0.7188728479108341        0.9000000000000001       NaN                      -2.8395996857469537      0
0.6894630222284953        0.8557717644757014       NaN                      -2.9006000111505714      0.11803717536811809
0.9                       0.7792485652738904       NaN                      -2.536295272987975       0
0.8550077514790664        0.7507421102850069       NaN                      -2.498437527882413       0.08582599737504769
0.7792485652738889        0.9                      NaN                      -2.7265456703301845      0
0.750166540099359         0.8546081588042713       NaN                      -2.76516444760944        0.09042408697914
0.9                       0.8396242826369452       NaN                      -2.608193972852709       0
0.8570299611111875        0.8101064047606146       NaN                      -2.591234482398345       0.0510238694547804
0.8396242826369437        0.9                      NaN                      -2.655943604555089       0
0.8107654415874482        0.8458107396182432       NaN                      -2.665399981242764       0.06468346783499897
0.9                       0.9                      NaN                      -2.632106989786878       0
0.8611182037690653        0.8590039556777549       NaN                      -2.631029626823836       0.021216348907216888
0.8003372032508755        0.07149143900816132      NaN                      -0.25022001127680477     0.035620078742312246
0.07251792631244834       0.7998427691176332       NaN                      -4.026858083140149       0.3505448626776287
0.7997579473505869        0.11740976237125485      NaN                      -0.41093420795754015     0.05883547848832549
0.11778704506194605       0.8004537770723578       NaN                      -4.0050157922829825      0.348401436413404
0.7995088464520841        0.17465244521986306      NaN                      -0.6112837610819529      0.08772628502602804
0.17510279103475912       0.8000966398632583       NaN                      -3.963225826651098       0.34963683765627224
0.7997182986000199        0.23341739791080043      NaN                      -0.8169611778828073      0.116964585897395
0.23457279063489175       0.8000090012822166       NaN                      -3.902361076581084       0.3499052589945764
0.7999101730094683        0.29255018205639016      NaN                      -1.0239258250872962      0.1462217934949005
0.2955201524708264        0.7999993741733534       NaN                      -3.8215965184276155      0.34983747321879205
0.8003020156948228        0.35147939925705024      NaN                      -1.2301753903242822      0.1747426568190019
0.3597661535689505        0.8000995112346432       NaN                      -3.7162989663834582      0.3491998393807627
0.7975595472453265        0.40714906478886304      NaN                      -1.4250576633984282      0.2074245662827324
0.7878842312551895        0.45073931044561305      NaN                      -1.5779542563160793      0.25048945410145634
0.47238247978168413       0.7755613093927751       NaN                      -3.494569992150369       0.4330634948660032
0.4282004912586426        0.8006573469568662       NaN                      -3.5812339319709565      0.34637497519699006
0.8032708166527087        0.4832037925917404       NaN                      -1.691009256985636       0.2300037278837857
0.7923822109113786        0.5159095694828498       NaN                      -1.8062494491054188      0.2714346131448284
0.519089546524665         0.7781518641313125       NaN                      -3.3762143035250562      0.4211998359399011
0.4812975077464372        0.8167570058405275       NaN                      -3.454144678202145       0.288420350634698
0.7931442278713466        0.5767978893428231       NaN                      -2.019665782867481       0.29202735954266656
0.8051686986412336        0.5467405190901262       NaN                      -1.9126040703882488      0.24926429520040133
0.5766919118789424        0.7778565384274916       NaN                      -3.2156801368124817      0.41429530301237305
0.5404526398437768        0.8193434938407166       NaN                      -3.3040268535698627      0.2750374639227858
0.8052890717053828        0.6063314261990426       NaN                      -2.1185975832915607      0.2620049375100768
0.792543877846987         0.6367541368006632       NaN                      -2.228329272557748       0.30075946434226464
0.6296754111368079        0.7774801288603017       NaN                      -3.0514611908192646      0.3976540069004293
0.6021341274912239        0.819241878125369        NaN                      -3.1335848893929863      0.2640356688531231
0.804110277384584         0.6693949243743891       NaN                      -2.328155877808703       0.25649447753621635
0.7876685005449134        0.7092976216622718       NaN                      -2.4654435368291936      0.27660945070620585
0.7451006039000571        0.7201201902477853       NaN                      -2.574052518057071       0.39090286651282835
0.7104132383198012        0.7500087011828637       NaN                      -2.752510468140557       0.4043322481326131
0.6763167939486084        0.7771979293491735       NaN                      -2.8978082099911417      0.36369171564136316
0.6631800427627831        0.8176190584076245       NaN                      -2.9576122899513932      0.24301790176920415
0.8134395758738716        0.7407132655715752       NaN                      -2.5121343181922         0.1791951841152454
0.7647717794137442        0.7590430996810772       NaN                      -2.6255674827889535      0.2612172544770059
0.7155013329246973        0.8028555088092597       NaN                      -2.8047519315272558      0.24042193348690422
0.8152172250672257        0.7862493901182412       NaN                      -2.5947607607043506      0.12829135520830992
0.772849010070969         0.8106451499317813       NaN                      -2.688700047179869       0.15336396544609987
